tcga_brca_data/1dd898ab-3b85-4932-b889-0eb0a494f2b6/e0e050cc-5e2a-41fc-8394-b4816a9dc8a2.rna_seq.augmented_star_gene_counts.tsv